CB151
005
Noibai
16
5
2021
16
25
50
1
31
19
1
225768453
2
000000009
4
000000014
13
000000011
14
225768455
15
225768456
21
225768451
23
000000010
24
616666666
26
225768458
31
000000012
32
232333333
33
000000013
41
666666666
42
666666668
43
555555555
45
222222222
46
000000005
49
333333333
CB151
007
Noibai
16
5
2021
16
30
50
1
47
3
11
225768459
30
225768456
31
225768545
CB153
007
Noibai
16
5
2021
16
15
50
1
44
6
3
000000002
17
225768456
21
225768459
23
000000005
27
000000006
31
000000001
CB151
002
Cam Ranh
16
6
2020
16
30
60
3
60
0
CB1
005
asd
1
1
2021
1
1
50
3
50
0
C1
005
1
1
1
2021
1
1
50
3
50
0
1
005
1
1
1
2021
1
1
50
0
50
0
2
005
2
2
2
2021
1
1
50
3
50
0
3
005
3
3
3
3000
23
3
50
1
50
0
12
005
3
2
3
3000
3
3
50
0
50
0
Q
005
q
1
1
3000
1
1
50
1
50
0
W
005
1
1
1
3000
1
1
50
1
50
0
E
005
1
1
1
3000
1
1
50
1
50
0
R
005
1
1
1
3000
1
1
50
1
50
0
T
005
1
1
1
3000
1
1
50
1
50
0
Y
005
1
1
1
3000
1
1
50
1
50
0
U
005
1
1
1
3000
1
1
50
1
50
0
I
005
1
1
1
3000
1
1
50
1
50
0
O
005
1
1
1
3000
1
1
50
1
50
0
P
005
1
1
1
3000
1
1
50
1
50
0
A
005
1
1
1
3000
1
1
50
1
50
0
S
005
1
1
1
3000
1
1
50
1
50
0
D
005
1
1
1
3000
1
1
50
1
50
0
F
005
1
1
1
3000
1
1
50
1
50
0
G
005
1
1
1
3000
1
1
50
1
50
0
J
005
1
1
1
3000
1
1
50
1
50
0
K
005
1
1
1
3000
1
1
50
1
50
0
L
005
1
1
1
3000
1
1
50
1
50
0
Z
005
1
1
1
3000
1
1
50
1
50
0
X
005
1
1
1
3000
1
1
50
1
50
0
C
005
1
1
1
3000
1
1
50
1
50
0
V
005
1
1
1
3000
1
1
50
1
50
0
Q
011
w
1
1
3000
1
1
50
1
50
0
1
011
1
1
1
3000
20
1
50
1
50
0
3
011
3
3
3
3000
3
3
50
1
50
0
1
002
1
13
6
2020
16
43
60
3
60
0
CB159
005
Noi Bai
16
2
2021
16
30
50
3
50
0
CB160
2
Noi Bai
16
6
2020
16
30
30
3
30
0
